69.4953
71.0845
85.9374
19.109
22.8219
180.865
30.4821
203.898
32.6264
5.71562
45.4313
51.2879
41.9553
4.0434
3.10194
45.3528
82.1739
45.5495
107.458
73.1293
29.657
5.39041
3.93564
8.55518
27.7481
207.687
19.4016
76.7784
12.6693
12.3766
6.15009
121.648
59.0579
16.7926
26.7078
147.588
12.2999
17.506
19.5297
8.46036
259.919
26.1345
17.4628
2.20113
63.0193
200.284
189.747
6.32118
19.1391
52.7532
8.77217
8.26876
12.3893
3.66531
40.3917
19.767
47.0928
6.25877
69.6017
14.271
39.2637
62.3245
8.42017
98.2019
6.01704
21.7381
14.5792
20.3086
53.8459
50.853
178.152
155.684
38.8141
176.093
60.1091
8.02125
26.8179
163.711
69.6695
15.3283
13.0481
24.1282
10.5744
10.6902
320.119
77.148
10.6603
16.1599
10.4852
7.64455
24.8747
18.7326
51.268
44.6002
15.854
29.21
54.4112
9.8277
11.1403
51.8078
73.4819
14.8291
32.8929
22.9525
99.5675
92.9984
10.2923
24.6172
52.279
5.43038
9.95832
17.2342
40.9594
18.5378
57.123
24.634
101.764
13.0385
13.8397
21.0826
54.197
12.9676
14.6453
89.9116
15.2156
39.1063
2.96385
70.0218
15.2901
79.7053
12.8324
19.1554
73.6073
11.6769
16.2358
4.24792
72.3658
82.2276
13.3401
26.9658
29.1509
4.42928
125.96
7.95136
12.2968
19.912
22.6561
182.291
58.3519
13.6099
22.4268
14.0185
2.67278
24.6242
13.7617
32.1464
29.6071
16.8342
10.4886
15.1985
26.5354
63.2567
22.5318
11.4385
33.9313
49.1675
22.8319
39.5298
1.05043
36.1165
17.7006
41.8943
29.3943
60.4385
9.61019
16.8714
53.2748
18.4219
11.9035
16.1579
13.7184
180.013
3.22156
162.006
4.17541
39.5474
14.5029
32.7247
40.1771
13.5854
44.3209
63.3176
87.3177
129.131
21.1556
20.1494
10.4035
69.9433
62.4271
68.4745
76.7371
57.8991
5.99336
52.048
4.29316
3.63392
39.8988
30.7479
59.9438
112.415
7.76428
4.48511
15.6993
95.2172
118.246
17.9023
14.0789
12.7018
28.7487
28.1989
2.56859
60.9211
38.153
37.9546
37.1625
45.6808
5.75413
9.89181
5.13508
31.6992
13.1034
29.8785
53.1802
7.11152
122.83
50.3475
31.8112
2.1184
8.64284
33.6976
38.1012
42.7113
30.3664
55.0328
8.48525
15.271
4.81871
8.0946
1.60607
28.6837
6.43002
24.6667
12.944
47.3332
17.2561
15.8033
62.7877
37.1884
22.9904
23.0616
9.51987
25.5361
34.7097
49.1435
3.58084
15.3332
21.2902
51.4348
7.04647
22.0678
44.5194
16.9468
83.4962
9.94651
18.0842
32.6309
8.16382
9.09051
5.73931
15.9583
157.497
26.377
7.73492
24.6973
65.0874
139.155
57.8774
49.5478
59.1363
22.4554
44.1945
65.0541
16.3787
19.6247
39.7902
20.5807
45.4383
24.0922
1.50163
27.1971
192.068
13.4625
47.6446
23.3718
11.0046
14.578
13.4728
24.2213
20.5191
69.1249
6.44882
48.6814
19.9443
89.0361
14.952
9.45601
27.9833
9.73114
28.3467
47.3246
140.642
3.93314
19.7801
8.1441
66.5357
7.7359
56.1565
4.47389
8.86351
52.1486
23.012
126.228
27.4311
105.488
13.6293
12.2257
6.03933
28.9118
5.75806
5.67081
7.17125
27.0734
18.6147
2.46839
33.8949
22.8225
9.90217
7.5932
33.1485
25.8634
28.6409
80.4326
157.371
52.2126
23.3821
46.5721
1.38569
160.412
48.398
111.183
20.8033
23.9493
23.7695
6.07309
40.6983
126.928
15.8048
22.4894
21.559
15.9631
95.4559
13.5167
18.8567
12.9135
123.784
42.8943
67.4125
32.0424
8.23805
60.327
21.8566
41.8145
70.4311
18.1937
21.2814
12.2339
33.2417
12.82
86.2589
52.4431
34.6669
23.6724
23.8499
72.2072
1.60338
4.13274
4.81785
120.39
51.7761
18.7453
