61.2004
56.8997
89.0148
8.67696
6.82204
127.609
18.833
199.13
19.0942
3.51473
51.0897
16.2589
24.6183
4.74598
3.68633
16.6924
26.0682
17.1462
105.585
37.1665
8.73205
7.75456
2.61954
8.08548
15.4995
196.731
7.14051
71.2472
4.13946
8.11286
20.0039
120.148
32.752
15.1522
24.8138
122.4
8.95446
13.4364
14.8404
4.49692
270.302
24.2586
5.80442
1.3236
27.6467
73.356
117.311
4.39368
14.0039
46.6342
6.78672
4.75604
10.3512
3.40836
21.42
14.57
18.4889
4.11715
21.5204
3.7131
32.192
10.7959
19.5198
46.9041
4.3488
22.9132
12.4799
13.2637
24.9657
54.8778
42.4072
147.581
83.5404
52.7773
4.8319
13.229
29.7746
171.782
75.9639
6.2335
3.02682
30.0502
7.64829
13.8488
248.291
41.2668
6.23114
0.631356
5.55366
6.48432
15.0825
12.9031
37.0787
13.7517
8.76389
20.4373
47.1033
6.39225
9.42554
17.7243
21.1198
8.76905
16.5273
8.07184
29.834
29.0688
12.1258
11.4264
54.6612
5.94113
3.9685
4.88226
24.2925
12.0702
0.293751
6.11978
94.0003
16.4244
8.96538
34.4883
18.6869
12.8931
12.6162
36.3357
9.35016
26.5287
6.21835
32.1588
10.2776
52.6994
6.6596
13.1108
29.0722
10.0848
15.783
4.69129
79.7905
28.075
9.40414
24.3341
36.6056
1.80647
129.722
6.11242
8.85738
12.0694
24.1204
159.705
48.109
7.80517
17.4337
6.76488
2.20826
14.6968
14.2765
6.06034
10.4457
10.8454
8.03849
2.13207
16.5348
63.8114
19.407
8.0411
119.06
17.3283
31.1961
37.8329
10.7859
14.3091
13.625
1.55544
17.8823
57.3913
0.281026
38.635
53.181
10.4996
4.78795
17.6683
3.41815
76.8528
3.20568
139.181
2.17371
22.9348
13.142
22.3599
11.0165
27.6235
0.986086
63.9339
44.2828
62.7642
11.5536
17.3284
7.69528
53.7394
35.8638
40.3709
12.6886
64.1328
4.87314
45.3758
3.08408
1.10196
21.5797
36.4465
41.7213
142.901
2.84724
1.74233
6.16328
109.69
36.5811
5.91472
0.896613
6.64511
15.0025
20.3164
5.05281
43.7383
23.5172
15.7994
40.1745
18.9057
3.39458
1.95373
17.6343
26.4598
17.4306
10.1548
29.8095
9.78791
87.9797
61.7329
13.2727
8.08725
6.63945
13.8492
45.5763
41.6784
12.2445
7.91502
3.4936
9.18285
10.0523
3.24149
3.29581
29.3477
4.90846
17.4794
2.94595
33.548
4.14212
13.3996
63.0647
18.2244
38.932
15.8537
8.28058
7.2699
7.79799
31.6097
3.09351
7.77444
7.50414
46.9556
2.57932
10.314
10.6584
10.4218
54.1317
8.52612
7.02658
24.3057
9.3405
3.86696
1.70291
7.91719
17.2106
6.85952
29.3619
30.299
11.216
129.908
44.0363
54.1691
24.9657
22.1674
51.9027
52.1502
7.41577
37.8722
186.102
8.05136
33.1389
25.363
6.09816
22.7778
19.1844
17.5791
15.9497
54.4083
2.71989
12.8857
4.19441
3.22283
11.9641
16.3052
6.23167
38.5518
13.9743
25.9557
8.53153
10.985
17.068
7.73334
45.6955
11.8747
132.965
4.64564
7.09144
6.73383
90.8105
17.6587
18.5651
5.63182
3.48535
54.8969
15.0523
124.924
35.4822
112.33
4.29005
12.014
5.06099
29.759
3.46221
1.84925
4.98405
5.61717
34.3032
1.5051
40.6256
25.746
13.4957
4.12764
21.6872
17.5864
8.63202
79.1653
134.053
32.8094
28.9786
32.1247
10.1542
89.6064
10.9371
119.287
13.8754
22.6485
39.9611
4.86868
18.6928
20.1066
4.4122
10.9504
3.56688
8.56771
7.7449
8.88579
7.287
10.7292
13.7202
54.2608
8.59457
22.282
20.9958
42.706
19.1859
6.04616
10.0696
8.48322
25.0815
6.81065
30.4711
8.4995
89.4685
22.1705
14.3981
13.2705
10.867
5.74029
5.21295
2.64619
3.98339
134.655
21.514
13.3597
